input/raster_salmean.txt
ncols         850
nrows         336
xllcorner     -8,191602834082
yllcorner     49,933549291263
cellsize      0,049944009368699
NODATA_value  -9999
[rows 238 to 271 of 336, columns 312 to 389 of 850]
33,6812 33,6812 33,5698 33,5698 33,4187 33,2639 33,2639 33,0327 33,0327 32,785 32,785 32,5401 32,124 32,124 31,7288 31,7288 30,9556 30,9556 29,3001 28,1807 28,1807 27,1493 27,1493 26,4336 26,1709 26,1709 -0 -0 -0 -0 -0 -0 -0 -0 -0 -0 -0 -0 -0 -0 -0 -0 -0 -0 -0 -0 -0 -0 -0 19,0493 19,2869 19,2869 19,794 19,794 21,8958 21,8958 22,331 23,5815 23,5815 20,0018 20,0018 19,5817 19,5817 16,9151 15,8674 15,8674 -0 -0 22,88 24,177 24,177 -0 -0 -0 -0 -0 -0 -0
33,635 33,635 33,5236 33,5236 33,3705 33,2122 33,2122 32,9621 32,9621 32,694 32,694 32,4103 32,0157 32,0157 31,6202 31,6202 30,5286 30,5286 29,2291 28,1398 28,1398 -0 -0 26,3155 25,9783 25,9783 -0 -0 -0 -0 -0 -0 -0 -0 -0 -0 -0 -0 -0 -0 -0 -0 -0 -0 -0 -0 -0 -0 -0 -0 -0 -0 19,7859 19,7859 21,9651 21,9651 22,4278 19,4088 19,4088 17,0328 17,0328 18,4555 18,7793 18,7793 16,8925 16,8925 15,5341 15,5341 21,2356 23,9953 23,9953 15,1366 15,1366 14,5404 14,5404 -0 -0 -0
33,6007 33,6007 33,4744 33,4744 33,3203 33,1558 33,1558 32,8478 32,8478 32,5688 32,5688 32,313 31,9061 31,9061 31,5446 31,5446 30,3098 30,3098 29,1453 28,0648 28,0648 -0 -0 26,219 25,7946 25,7946 25,5674 25,5674 -0 -0 -0 -0 -0 -0 -0 -0 -0 -0 -0 -0 -0 -0 -0 -0 -0 -0 -0 -0 -0 -0 -0 -0 17,3119 17,3119 21,4602 21,4602 22,6489 22,6362 22,6362 22,6995 22,6995 22,7666 19,0481 19,0481 20,2303 20,2303 19,0754 19,0754 21,0632 23,8845 23,8845 22,9814 22,9814 16,1939 16,1939 16,9077 14,8508 14,8508
33,5651 33,5651 33,4341 33,4341 33,2963 33,2963 33,1035 32,8317 32,8317 32,4769 32,4769 32,1249 31,7923 31,7923 31,4575 31,4575 30,1929 30,1929 29,0531 27,9111 27,9111 26,9758 26,9758 26,1559 25,5987 25,5987 25,3583 25,3583 -0 -0 -0 -0 -0 -0 -0 -0 -0 -0 -0 -0 -0 -0 -0 -0 -0 -0 -0 -0 -0 -0 -0 -0 17,4415 17,4415 21,272 21,272 20,3691 20,6451 20,6451 22,7382 22,7382 22,7886 23,0197 23,0197 22,966 22,966 23,0146 23,0146 22,4413 23,8836 23,8836 23,1099 23,1099 22,841 22,6049 22,6049 20,0648 20,0648
33,5475 33,5475 33,41 33,41 33,2615 33,2615 33,0606 32,8406 32,8406 32,4988 32,4988 31,9437 31,6937 31,6937 31,3931 31,3931 30,154 30,154 29,0053 28,8387 28,8387 26,7011 26,7011 25,8527 25,3317 25,3317 25,1026 25,1026 25,0533 25,0533 -0 -0 -0 -0 -0 -0 -0 -0 -0 -0 -0 -0 -0 -0 -0 -0 -0 -0 -0 -0 -0 -0 17,5789 17,5789 23,2816 21,1185 21,1185 18,2364 18,2364 18,1873 18,1873 18,7992 18,2761 18,2761 19,7331 19,7331 19,316 19,316 22,1409 20,1765 20,1765 20,0648 20,0648 22,3044 22,4562 22,4562 23,8843 23,8843
33,5479 33,5479 33,428 33,428 33,2576 33,2576 33,0282 32,8235 32,8235 32,5991 32,5991 31,9947 31,7797 31,7797 31,4528 31,4528 30,3069 30,3069 29,1591 27,7834 27,7834 26,5117 26,5117 25,5763 25,0717 25,0717 24,9024 24,9024 24,8916 24,8916 24,9431 -0 -0 -0 -0 -0 -0 -0 -0 -0 -0 -0 -0 -0 -0 -0 -0 -0 -0 -0 -0 -0 18,032 18,032 21,1003 18,9827 18,9827 17,857 17,857 18,361 18,361 18,8259 18,99 18,99 19,6693 19,6693 19,4906 21,4624 21,4624 18,2194 18,2194 15,7648 15,7648 -0 15,1358 15,1358 18,1842 18,1842
33,5233 33,5233 33,375 33,375 33,2298 33,2298 33,0373 32,8109 32,8109 32,5938 32,5938 32,2693 31,9952 31,9952 31,6762 31,6762 30,7271 30,7271 29,1342 27,6885 27,6885 26,274 26,274 25,2312 24,8167 24,8167 24,796 24,796 -0 -0 -0 -0 -0 -0 -0 -0 -0 -0 -0 -0 -0 -0 -0 -0 -0 -0 -0 -0 -0 -0 18,1689 18,1689 18,233 18,233 18,3523 18,0309 18,0309 18,1719 18,1719 18,1872 18,1872 18,0878 18,3757 18,3757 19,0015 19,0015 18,997 17,6451 17,6451 16,9297 16,9297 15,6695 15,6695 -0 -0 -0 -0 -0
33,4888 33,4888 33,3635 33,3635 33,2125 33,2125 33,0478 32,8282 32,8282 32,5899 32,5899 32,3682 32,1478 32,1478 31,889 31,889 31,3577 31,3577 29,2901 27,8371 27,8371 26,1457 26,1457 24,8938 24,8938 24,7082 24,7338 24,7338 24,7759 24,7759 24,8402 -0 -0 -0 -0 -0 -0 -0 -0 -0 -0 -0 -0 -0 -0 -0 -0 -0 -0 -0 -0 -0 -0 -0 -0 16,3707 16,3707 17,318 17,318 16,8435 16,8435 17,9274 18,6952 18,6952 20,3959 20,3959 18,6832 16,9885 16,9885 16,3961 16,3961 15,7851 15,7851 15,6258 -0 -0 -0 -0
33,6127 33,4778 33,347 33,347 33,2176 33,2176 33,0332 32,8105 32,8105 32,5688 32,5688 32,3399 32,3399 32,1422 31,894 31,894 31,4458 31,4458 30,4969 28,2808 28,2808 26,1624 26,1624 24,5377 24,5377 -0 -0 -0 -0 -0 -0 -0 -0 -0 -0 -0 -0 -0 -0 -0 -0 -0 -0 -0 -0 -0 -0 -0 -0 -0 -0 -0 -0 -0 -0 -0 -0 -0 -0 -0 -0 -0 17,0084 17,0084 18,1378 18,1378 18,4827 18,3314 18,3314 17,8574 17,8574 15,7274 15,7274 -0 15,4878 15,4878 16,0707 16,0707
33,7427 33,5011 33,379 33,379 33,2378 33,2378 33,0238 32,8113 32,8113 32,6168 32,6168 32,3298 32,3298 32,0684 31,8232 31,8232 31,4838 31,4838 30,6755 28,3928 28,3928 26,0381 26,0381 23,6118 23,6118 -0 -0 -0 -0 -0 -0 -0 -0 -0 -0 -0 -0 -0 -0 -0 -0 -0 -0 -0 -0 -0 -0 -0 -0 -0 -0 -0 -0 -0 -0 -0 -0 -0 -0 -0 -0 -0 -0 -0 -0 -0 17,6159 18,006 18,006 -0 -0 -0 -0 -0 16,2624 16,2624 18,17 18,17
33,9877 33,7393 33,6201 33,6201 33,3442 33,3442 33,0359 32,8052 32,8052 32,601 32,601 32,3482 32,3482 32,0923 31,8219 31,8219 31,4272 31,4272 30,9324 28,5249 28,5249 25,6978 25,6978 22,9446 22,9446 -0 -0 -0 -0 -0 -0 -0 -0 -0 -0 -0 -0 -0 -0 -0 -0 -0 -0 -0 -0 -0 -0 -0 -0 -0 -0 -0 -0 -0 -0 -0 -0 -0 -0 -0 -0 -0 -0 -0 -0 -0 -0 -0 -0 -0 -0 -0 -0 -0 15,7665 15,7665 15,9172 15,9172
33,8042 33,7531 33,669 33,669 33,5368 33,5368 33,294 32,8474 32,8474 32,5299 32,5299 32,2286 32,2286 31,9428 31,8103 31,8103 31,4066 31,4066 30,9609 30,2162 30,2162 27,0396 27,0396 22,1079 22,1079 19,0322 17,2758 17,2758 16,5385 16,5385 -0 -0 -0 -0 -0 -0 -0 -0 -0 -0 -0 -0 -0 -0 -0 -0 -0 -0 -0 -0 -0 -0 -0 -0 -0 -0 -0 -0 -0 -0 -0 -0 -0 -0 -0 -0 -0 -0 -0 -0 -0 -0 -0 -0 16,2476 16,2476 18,1196 18,9196
33,7875 33,7145 33,6412 33,6412 33,5547 33,5547 33,4296 33,1047 33,1047 32,0635 32,0635 32,2139 32,2139 32,4606 31,9424 31,9424 31,5259 31,5259 30,9858 30,2415 30,2415 27,1462 27,1462 22,117 22,117 18,1741 16,0234 16,0234 -0 -0 -0 -0 -0 -0 -0 -0 -0 -0 -0 -0 -0 -0 -0 -0 -0 -0 -0 -0 -0 -0 -0 -0 -0 -0 -0 -0 -0 -0 -0 -0 -0 -0 -0 -0 -0 -0 -0 -0 -0 -0 -0 -0 -0 -0 17,2499 17,2499 19,3975 21,3011
33,7619 33,6798 33,6048 33,6048 33,519 33,519 33,4124 33,4124 33,6253 33,1755 33,1755 32,9671 32,9671 32,5705 32,1689 32,1689 31,5381 31,5381 30,9201 29,5684 29,5684 26,9006 26,9006 22,1681 22,1681 17,6063 14,3667 14,3667 -0 -0 -0 -0 -0 -0 -0 -0 -0 -0 -0 -0 -0 -0 -0 -0 -0 -0 -0 -0 -0 -0 -0 -0 -0 -0 -0 -0 -0 -0 -0 -0 -0 -0 -0 -0 -0 -0 -0 -0 -0 -0 -0 16,4154 18,7389 18,7389 19,2222 19,2222 20,8125 19,1276
33,7139 33,6532 33,5924 33,5924 33,5527 33,5527 33,4614 33,4614 33,4646 33,3328 33,3328 32,9473 32,9473 32,5399 31,9889 31,9889 31,4922 31,4922 30,854 29,7383 29,7383 28,0134 28,0134 22,3258 22,3258 17,1179 12,26 12,26 9,5081 9,5081 8,3907 -0 -0 -0 -0 -0 -0 -0 -0 -0 -0 -0 -0 -0 -0 -0 -0 -0 -0 -0 -0 -0 -0 -0 -0 -0 -0 -0 -0 -0 -0 -0 -0 -0 -0 -0 -0 -0 -0 16,6159 16,6159 19,2369 20,368 20,368 18,4507 18,4507 18,4151 16,1803
33,6033 33,5616 33,5329 33,5329 33,4666 33,4666 33,3907 33,3907 33,3536 33,2289 33,2289 32,9446 32,9446 32,5416 31,9331 31,9331 31,1184 31,1184 29,9958 28,7777 28,7777 26,2002 26,2002 20,8305 20,8305 15,3645 10,6012 10,6012 8,0867 8,0867 7,5408 -0 -0 -0 -0 -0 -0 -0 -0 -0 -0 -0 -0 -0 -0 -0 -0 -0 -0 -0 -0 -0 -0 -0 -0 -0 -0 -0 -0 -0 -0 -0 -0 -0 -0 -0 -0 16,9424 16,9424 18,097 18,1827 18,1827 18,2129 18,2129 17,8112 17,8112 17,3295 16,1503
33,4734 33,4223 33,4223 33,3805 33,3596 33,3596 33,3526 33,3526 33,2008 33,0836 33,0836 32,9102 32,9102 32,6348 32,3477 32,3477 31,9624 31,9624 31,3237 29,0758 29,0758 24,1981 24,1981 22,259 22,259 14,3333 9,2784 9,2784 6,4131 6,4131 -0 -0 -0 -0 -0 -0 -0 -0 -0 -0 -0 -0 -0 -0 -0 -0 -0 -0 -0 -0 -0 -0 -0 -0 -0 -0 -0 -0 -0 -0 -0 -0 -0 -0 -0 -0 -0 -0 -0 -0 17,0494 17,0494 -0 -0 -0 -0 -0 15,9347
33,3355 33,2627 33,2627 33,1869 33,1396 33,1396 33,0731 33,0731 33,0775 32,8375 32,8375 32,5804 32,5804 32,1234 31,4617 31,4617 29,6526 29,6526 26,5202 26,5202 24,3467 21,2861 21,2861 17,9397 17,9397 14,6907 8,4068 8,4068 5,0373 5,0373 -0 -0 -0 -0 -0 -0 -0 -0 -0 -0 -0 -0 -0 -0 -0 -0 -0 -0 -0 -0 -0 -0 -0 -0 -0 -0 -0 -0 -0 -0 -0 -0 -0 -0 -0 -0 -0 -0 -0 -0 -0 -0 -0 -0 -0 -0 -0 -0
33,116 33,0439 33,0439 32,9681 32,8982 32,8982 32,8209 32,8209 32,6714 32,4804 32,4804 32,0908 32,0908 31,6549 29,0807 29,0807 26,9852 26,9852 23,7457 23,7457 20,4921 17,0074 17,0074 14,583 14,583 17,402 7,6354 7,6354 4,0864 4,0864 1,9295 1,2695 1,2695 -0 -0 -0 -0 -0 -0 -0 -0 -0 -0 -0 -0 -0 -0 -0 -0 -0 -0 -0 -0 -0 -0 -0 -0 -0 -0 -0 -0 -0 -0 -0 -0 -0 -0 -0 -0 -0 -0 -0 -0 -0 -0 -0 -0 -0
32,8756 32,7834 32,7834 32,672 32,567 32,567 32,4827 32,4827 32,2879 32,1017 32,1017 31,7844 31,7844 31,1471 30,1604 30,1604 25,4308 25,4308 21,6945 21,6945 18,0801 15,3693 15,3693 -0 -0 -0 8,3403 8,3403 4,2189 4,2189 2,2146 1,2114 1,2114 -0 -0 -0 -0 -0 -0 -0 -0 -0 -0 -0 -0 -0 -0 -0 -0 -0 -0 -0 -0 -0 -0 -0 -0 -0 -0 -0 -0 -0 -0 -0 -0 -0 -0 -0 -0 -0 -0 -0 -0 -0 -0 -0 -0 -0
32,5072 32,3181 32,3181 32,0128 31,1034 31,1034 30,7685 30,7685 30,4322 30,0901 30,0901 30,0172 30,0172 29,2342 29,3829 29,3829 24,2102 24,2102 20,3335 20,3335 16,6369 14,7269 14,7269 -0 -0 -0 -0 -0 -0 -0 -0 -0 -0 -0 -0 -0 -0 -0 -0 -0 -0 -0 -0 -0 -0 -0 -0 -0 -0 -0 -0 -0 -0 -0 -0 -0 -0 -0 -0 -0 -0 -0 -0 -0 -0 -0 -0 -0 -0 -0 -0 -0 -0 -0 -0 -0 -0 -0
31,0805 30,6748 30,6748 30,1834 29,9384 29,9384 29,6762 29,6762 29,4237 29,1253 29,1253 28,5254 28,5254 28,7622 28,7622 24,8154 24,3247 24,3247 19,0364 19,0364 14,5347 14,2585 14,2585 -0 -0 -0 -0 -0 -0 -0 -0 -0 -0 -0 -0 -0 -0 -0 -0 -0 -0 -0 -0 -0 -0 -0 -0 -0 -0 -0 -0 -0 -0 -0 -0 -0 -0 -0 -0 -0 -0 -0 -0 -0 -0 -0 -0 -0 -0 -0 -0 -0 -0 -0 -0 -0 -0 -0
30,2315 30,0528 30,0528 29,7904 -0 -0 -0 -0 -0 -0 -0 -0 -0 28,3788 28,3788 21,421 16,5774 16,5774 16,0135 16,0135 9,5042 -0 -0 -0 -0 -0 -0 -0 -0 -0 -0 -0 -0 -0 -0 -0 -0 -0 -0 -0 -0 -0 -0 -0 -0 -0 -0 -0 -0 -0 -0 -0 -0 -0 -0 -0 -0 -0 -0 -0 -0 -0 -0 -0 -0 -0 -0 -0 -0 -0 -0 -0 -0 -0 -0 -0 -0 -0
-0 -0 -0 -0 -0 -0 -0 -0 -0 -0 -0 -0 -0 24,9237 24,9237 21,2112 12,6573 12,6573 7,4814 7,4814 4,8866 -0 -0 -0 -0 -0 -0 -0 -0 -0 -0 -0 -0 -0 -0 -0 -0 -0 -0 -0 -0 -0 -0 -0 -0 -0 -0 -0 -0 -0 -0 -0 -0 -0 -0 -0 -0 -0 -0 -0 -0 -0 -0 -0 -0 -0 -0 -0 -0 -0 -0 -0 -0 -0 -0 -0 -0 -0
-0 -0 -0 -0 -0 -0 -0 -0 -0 -0 -0 -0 -0 -0 -0 22,0051 -0 -0 -0 -0 1,6105 0,8995 0,8995 -0 -0 -0 -0 -0 -0 -0 -0 -0 -0 -0 -0 -0 -0 -0 -0 -0 -0 -0 -0 -0 -0 -0 -0 -0 -0 -0 -0 -0 -0 -0 -0 -0 -0 -0 -0 -0 -0 -0 -0 -0 -0 -0 -0 -0 -0 -0 -0 -0 -0 -0 -0 -0 -0 -0
-0 -0 -0 -0 -0 -0 -0 -0 -0 -0 -0 -0 -0 -0 -0 -0 -0 -0 -0 -0 -0 -0 -0 -0 -0 -0 -0 -0 -0 -0 -0 -0 -0 -0 -0 -0 -0 -0 -0 -0 -0 -0 -0 -0 -0 -0 -0 -0 -0 -0 -0 -0 -0 -0 -0 -0 -0 -0 -0 -0 -0 -0 -0 -0 -0 -0 -0 -0 -0 -0 -0 -0 -0 -0 -0 -0 -0 -0
-0 -0 -0 -0 -0 -0 -0 -0 -0 -0 -0 -0 -0 -0 -0 27,4279 27,5674 27,5674 -0 -0 -0 -0 -0 -0 -0 -0 -0 -0 -0 -0 -0 -0 -0 -0 -0 -0 -0 -0 -0 -0 -0 -0 -0 -0 -0 -0 -0 -0 -0 -0 -0 -0 -0 -0 -0 -0 -0 -0 -0 -0 -0 -0 -0 -0 -0 -0 -0 -0 -0 -0 -0 -0 -0 -0 -0 -0 -0 -0
-0 -0 -0 -0 -0 -0 -0 -0 -0 -0 -0 -0 -0 -0 -0 27,6979 28,0052 28,0052 -0 -0 -0 -0 -0 -0 -0 -0 -0 -0 -0 -0 -0 -0 -0 -0 -0 -0 -0 -0 -0 -0 -0 -0 -0 -0 -0 -0 -0 -0 -0 -0 -0 -0 -0 -0 -0 -0 -0 -0 -0 -0 -0 -0 -0 -0 -0 -0 -0 -0 -0 -0 -0 -0 -0 -0 -0 -0 -0 -0
-0 -0 -0 -0 -0 -0 -0 -0 -0 -0 -0 -0 -0 -0 -0 -0 28,9986 28,9986 -0 -0 -0 -0 -0 -0 -0 -0 -0 -0 -0 -0 -0 -0 -0 -0 -0 -0 -0 -0 -0 -0 -0 -0 -0 -0 -0 -0 -0 -0 -0 -0 -0 -0 -0 -0 -0 -0 -0 -0 -0 -0 -0 -0 -0 -0 -0 -0 -0 -0 -0 -0 -0 -0 -0 -0 -0 -0 -0 -0
-0 -0 -0 -0 -0 -0 -0 -0 -0 -0 -0 -0 -0 -0 -0 -0 -0 -0 -0 -0 -0 -0 -0 -0 -0 -0 -0 -0 -0 -0 -0 -0 -0 -0 -0 -0 -0 -0 -0 -0 -0 -0 -0 -0 -0 -0 -0 -0 -0 -0 -0 -0 -0 -0 -0 -0 -0 -0 -0 -0 -0 -0 -0 -0 -0 -0 -0 -0 -0 -0 -0 -0 -0 -0 -0 -0 -0 -0
-0 -0 -0 -0 -0 -0 -0 -0 -0 -0 -0 -0 -0 -0 -0 -0 -0 -0 -0 -0 -0 -0 -0 -0 -0 -0 -0 -0 -0 -0 -0 -0 -0 -0 -0 -0 -0 -0 -0 -0 -0 -0 -0 -0 -0 -0 -0 -0 -0 -0 -0 -0 -0 -0 -0 -0 -0 -0 -0 -0 -0 -0 -0 -0 -0 -0 -0 -0 -0 -0 -0 -0 -0 -0 -0 -0 -0 -0
-0 -0 -0 -0 -0 -0 -0 -0 -0 -0 -0 -0 -0 -0 -0 -0 -0 -0 -0 -0 -0 -0 -0 -0 -0 -0 -0 -0 -0 -0 -0 -0 -0 -0 -0 -0 -0 -0 -0 -0 -0 -0 -0 -0 -0 -0 -0 -0 -0 -0 -0 -0 -0 -0 -0 -0 -0 -0 -0 -0 -0 -0 -0 -0 -0 -0 -0 -0 -0 -0 -0 -0 -0 -0 -0 -0 -0 -0
-0 -0 -0 -0 -0 -0 -0 -0 -0 -0 -0 -0 -0 -0 -0 -0 -0 -0 -0 -0 -0 -0 -0 -0 -0 -0 -0 -0 -0 -0 -0 -0 -0 -0 -0 -0 -0 -0 -0 -0 -0 -0 -0 -0 -0 -0 -0 -0 -0 -0 -0 -0 -0 -0 -0 -0 -0 -0 -0 -0 -0 -0 -0 -0 -0 -0 -0 -0 -0 -0 -0 -0 -0 -0 -0 -0 -0 -0
-0 -0 -0 -0 -0 -0 -0 -0 -0 -0 -0 -0 -0 -0 -0 -0 -0 -0 -0 -0 -0 -0 -0 -0 -0 -0 -0 -0 -0 -0 -0 -0 -0 -0 -0 -0 -0 -0 -0 -0 -0 -0 -0 -0 -0 -0 -0 -0 -0 -0 -0 -0 -0 -0 -0 -0 -0 -0 -0 -0 -0 -0 -0 -0 -0 -0 -0 -0 -0 -0 -0 -0 -0 -0 -0 -0 -0 -0
