input/raster_salmean.txt
ncols         850
nrows         336
xllcorner     -8,191602834082
yllcorner     49,933549291263
cellsize      0,049944009368699
NODATA_value  -9999
[rows 204 to 237 of 336, columns 390 to 467 of 850]
31,2834 29,4627 30,9602 30,9602 31,8066 31,8066 32,1694 32,1694 32,4302 32,5413 32,5413 32,4383 32,4383 32,1918 32,1918 31,9604 31,9604 33,385 33,3235 33,3235 32,8719 32,8719 32,3237 32,3237 31,2822 31,2822 27,4722 22,3353 22,3353 18,8906 18,8906 15,0727 15,0727 -0 -0 -0 -0 -0 -0 -0 -0 -0 -0 -0 -0 -0 -0 -0 -0 -0 -0 -0 -0 -0 -0 -0 -0 -0 -0 -0 -0 -0 -0 -0 -0 -0 -0 -0 -0 -0 -0 -0 -0 -0 -0 -0 -0 -0
31,4707 31,2834 31,4404 31,4404 31,6401 31,6401 31,9775 32,0456 32,0456 32,3638 32,3638 32,4342 32,4342 32,4114 32,4114 32,5489 32,5489 32,7015 33,3047 33,3047 32,9073 32,9073 32,385 32,385 28,3483 28,3483 15,1133 -0 -0 -0 -0 -0 -0 -0 -0 -0 -0 -0 -0 -0 -0 -0 -0 -0 -0 -0 -0 -0 -0 -0 -0 -0 -0 -0 -0 -0 -0 -0 -0 -0 -0 -0 -0 -0 -0 -0 -0 -0 -0 -0 -0 -0 -0 -0 -0 -0 -0 -0
31,4487 31,4707 31,5847 31,5847 31,6791 31,6791 31,9002 31,9408 31,9408 32,0672 32,0672 32,4042 32,4042 32,8473 32,8473 32,3523 32,5691 32,5691 33,0155 33,0155 32,7694 32,7694 32,4091 32,4091 31,2348 19,4635 19,4635 -0 -0 -0 -0 -0 -0 -0 -0 -0 -0 -0 -0 -0 -0 -0 -0 -0 -0 -0 -0 -0 -0 -0 -0 -0 -0 -0 -0 -0 -0 -0 -0 -0 -0 -0 -0 -0 -0 -0 -0 -0 -0 -0 -0 -0 -0 -0 -0 -0 -0 -0
21,8755 31,4487 30,0667 30,0667 30,3765 30,3765 31,2843 31,6549 31,6549 31,7483 31,7483 32,3964 32,3964 32,4752 32,4752 32,576 32,7459 32,7459 32,9359 32,9359 32,3473 32,3473 32,3398 32,3398 31,0631 28,3294 28,3294 14,9133 14,9133 -0 -0 -0 -0 -0 -0 -0 -0 -0 -0 -0 -0 -0 -0 -0 -0 -0 -0 -0 -0 -0 -0 -0 -0 -0 -0 -0 -0 -0 -0 -0 -0 -0 -0 -0 -0 -0 -0 -0 -0 -0 -0 -0 -0 -0 -0 -0 -0 -0
28,4781 21,8755 29,4964 29,4964 25,4482 31,0187 31,0187 30,0708 30,0708 20,6388 20,6388 30,8942 30,8942 32,3708 32,6704 32,6704 32,7892 32,7892 32,7297 32,7297 32,2876 32,2876 32,2899 -0 -0 27,6533 27,6533 22,9742 22,9742 13,5208 13,5208 -0 -0 -0 -0 -0 -0 -0 -0 -0 -0 -0 -0 -0 -0 -0 -0 -0 -0 -0 -0 -0 -0 -0 -0 -0 -0 -0 -0 -0 -0 -0 -0 -0 -0 -0 -0 -0 -0 -0 -0 -0 -0 -0 -0 -0 -0 -0
29,9153 28,4781 29,6108 29,6108 30,8159 30,7369 30,7369 27,1488 27,1488 19,4507 19,4507 31,5112 31,5112 32,1677 32,4918 32,4918 32,5591 32,5591 32,3391 32,3391 31,852 31,852 32,2161 16,7615 16,7615 -0 -0 -0 -0 13,5511 13,5511 -0 -0 -0 -0 -0 -0 -0 -0 -0 -0 -0 -0 -0 -0 -0 -0 -0 -0 -0 -0 -0 -0 -0 -0 -0 -0 -0 -0 -0 -0 -0 -0 -0 -0 -0 -0 -0 -0 -0 -0 -0 -0 -0 -0 -0 -0 -0
30,0488 29,9153 30,2491 30,2491 30,3949 30,4146 30,4146 22,6219 22,6219 30,7361 30,7361 31,5762 31,5762 32,085 31,7927 31,7927 30,8113 30,8113 30,7504 30,7504 30,645 32,0858 32,0858 31,8496 31,8496 14,4462 14,4462 -0 -0 -0 -0 -0 -0 -0 -0 -0 -0 -0 -0 -0 -0 -0 -0 -0 -0 -0 -0 -0 -0 -0 -0 -0 -0 -0 -0 -0 -0 -0 -0 -0 -0 -0 -0 -0 -0 -0 -0 -0 -0 -0 -0 -0 -0 -0 -0 -0 -0 -0
27,2682 30,0488 29,7476 29,2724 29,2724 29,5826 29,5826 30,0976 30,0976 31,6385 31,6385 31,4706 31,0002 31,0002 27,1108 27,1108 27,4877 27,4877 19,4548 19,4548 19,943 31,8456 31,8456 31,7213 31,7213 31,468 31,468 -0 -0 -0 -0 -0 -0 -0 -0 -0 -0 -0 -0 -0 -0 -0 -0 -0 -0 -0 -0 -0 -0 -0 -0 -0 -0 -0 -0 -0 -0 -0 -0 -0 -0 -0 -0 -0 -0 -0 -0 -0 8,0083 8,0083 7,9818 7,9818 7,9757 7,9633 7,9633 7,9172 7,9172 7,9204
27,9598 27,2682 28,8479 28,8158 28,8158 28,9991 28,9991 29,2133 29,2133 29,4102 29,4102 27,2485 24,7531 24,7531 19,6597 19,6597 16,9714 16,9714 -0 -0 -0 -0 -0 31,5592 31,5592 31,3592 31,3592 14,5649 -0 -0 -0 -0 -0 -0 -0 -0 -0 -0 -0 -0 -0 -0 -0 -0 -0 -0 -0 -0 -0 -0 -0 -0 -0 -0 -0 -0 -0 -0 -0 -0 -0 -0 -0 -0 -0 -0 -0 -0 8,0717 8,0717 8,1032 8,0892 8,0892 8,0858 8,0858 8,0501 8,0501 8,0611
24,4453 27,9598 27,9103 27,5649 27,5649 26,2204 26,2204 26,3294 26,3294 24,2323 24,2323 19,2987 18,254 18,254 17,0204 17,0204 -0 -0 -0 -0 -0 -0 -0 -0 -0 31,221 31,221 30,9001 -0 -0 -0 -0 -0 -0 -0 -0 -0 -0 -0 -0 -0 -0 -0 -0 -0 -0 -0 -0 -0 -0 -0 -0 -0 -0 -0 -0 -0 -0 -0 -0 -0 -0 -0 -0 -0 -0 -0 -0 -0 -0 8,0804 8,2693 8,2693 8,3288 8,3288 8,1418 8,1418 8,4476
-0 24,4453 26,433 23,8464 23,8464 23,8988 23,8988 19,1066 19,1066 17,4202 17,1763 17,1763 16,4242 16,4242 -0 -0 -0 -0 -0 -0 -0 -0 -0 -0 -0 31,0588 30,8086 30,8086 30,3224 30,3224 -0 -0 -0 -0 -0 -0 -0 -0 -0 -0 -0 -0 -0 -0 -0 -0 -0 -0 -0 -0 -0 -0 -0 -0 -0 -0 -0 -0 -0 -0 -0 -0 8,1513 8,1513 8,1356 8,1356 -0 -0 -0 8,0888 8,0888 8,1356 8,1356 8,3905 8,3905 8,2101 8,2101 8,1928
18,2792 -0 -0 -0 -0 18,0018 18,0018 17,1715 17,1715 -0 -0 -0 -0 -0 -0 -0 -0 -0 -0 -0 -0 -0 -0 -0 -0 13,3854 30,7186 30,7186 30,2804 30,2804 -0 -0 -0 -0 -0 -0 -0 -0 -0 -0 -0 -0 -0 -0 -0 -0 -0 -0 -0 -0 -0 -0 -0 -0 -0 -0 -0 -0 -0 -0 8,1777 8,1777 8,2022 8,2022 8,1322 8,1322 8,1333 8,1112 8,1112 8,1371 8,1371 8,0998 8,0998 8,0816 8,0816 8,0913 8,1936 8,1936
18,2671 17,0545 17,0545 16,6389 16,6389 -0 -0 -0 -0 -0 -0 -0 -0 -0 -0 -0 -0 -0 -0 -0 -0 -0 -0 -0 -0 12,9698 23,4529 23,4529 30,2015 30,2015 -0 -0 -0 -0 -0 -0 -0 -0 -0 -0 -0 -0 -0 -0 -0 -0 -0 -0 -0 -0 -0 -0 -0 -0 -0 -0 -0 -0 -0 -0 8,2528 8,2528 8,153 8,153 9,192 8,1867 8,1867 8,1854 8,1854 8,1698 8,1698 8,102 8,102 8,0535 8,1432 8,1432 8,416 8,416
17,2651 17,1441 17,1441 16,4698 16,4698 -0 -0 -0 -0 -0 -0 -0 -0 -0 -0 -0 -0 -0 -0 -0 -0 -0 -0 -0 -0 -0 17,9856 17,9856 28,3338 28,3338 12,2069 12,2069 11,8772 -0 -0 -0 -0 -0 -0 -0 -0 -0 -0 -0 -0 -0 -0 -0 -0 -0 -0 -0 -0 -0 -0 -0 -0 -0 8,2897 8,2897 8,2886 8,2886 8,1406 8,1406 8,1285 8,1846 8,1846 8,1879 8,1879 8,2231 8,2231 8,2817 8,394 8,394 8,6316 8,6316 8,635 8,635
-0 -0 -0 -0 -0 -0 -0 -0 -0 -0 -0 -0 -0 -0 -0 -0 -0 -0 -0 -0 -0 -0 -0 -0 -0 -0 13,871 13,871 26,8405 26,8405 23,5963 15,7645 15,7645 -0 -0 -0 -0 -0 -0 -0 -0 -0 -0 -0 -0 -0 -0 -0 -0 -0 -0 -0 -0 -0 -0 -0 -0 -0 8,3417 8,3417 8,2998 8,2998 8,1936 8,2635 8,1037 8,2962 8,2962 8,3966 8,3966 8,4996 8,4996 8,7839 8,837 8,837 8,4446 8,4446 7,8857 7,8857
-0 -0 -0 -0 -0 -0 -0 -0 -0 -0 -0 -0 -0 -0 -0 -0 -0 -0 -0 -0 -0 -0 -0 -0 -0 -0 13,3674 13,3674 24,9273 24,9273 20,6393 17,9366 17,9366 -0 -0 -0 -0 -0 -0 -0 -0 -0 -0 -0 -0 -0 -0 -0 -0 -0 -0 -0 -0 -0 -0 -0 -0 -0 8,3969 8,3969 8,3888 8,3888 8,4783 8,5053 8,2635 8,4353 8,4353 8,9069 8,9069 9,1217 9,1388 9,1388 8,3269 8,3269 8,8825 8,8825 9,0867 9,0204
-0 -0 -0 -0 -0 -0 -0 -0 -0 -0 -0 -0 -0 -0 -0 -0 -0 -0 -0 -0 -0 -0 -0 -0 -0 -0 13,0377 13,0377 24,1432 12,5087 12,5087 21,8939 21,8939 16,0327 16,0327 -0 -0 -0 -0 -0 -0 -0 -0 -0 -0 -0 -0 -0 -0 -0 -0 -0 -0 -0 -0 -0 -0 -0 -0 -0 8,3572 8,8103 8,8103 9,3127 8,5053 8,6268 8,6268 8,6755 10,4196 10,4196 9,4256 9,4256 9,3722 9,3722 9,3231 9,3231 10,5306 9,3037
-0 -0 -0 -0 -0 -0 -0 -0 -0 -0 -0 -0 -0 -0 -0 -0 -0 -0 -0 -0 -0 -0 -0 -0 -0 -0 -0 -0 13,9239 -0 -0 12,0277 12,0277 24,7496 24,7496 -0 -0 -0 -0 -0 -0 -0 -0 -0 -0 -0 -0 -0 -0 -0 -0 -0 -0 -0 -0 -0 -0 -0 -0 8,1801 8,1801 8,7148 8,7148 9,6322 9,3127 9,5302 9,5302 9,0085 9,4175 9,4175 9,8808 9,8808 10,286 10,286 13,3694 15,1721 15,1721 13,4573
-0 -0 -0 -0 -0 -0 -0 -0 -0 -0 -0 -0 -0 -0 -0 -0 -0 -0 -0 -0 -0 -0 12,4803 12,4803 -0 -0 -0 -0 13,1976 11,9048 11,9048 11,7382 11,7382 -0 -0 -0 -0 -0 -0 -0 -0 -0 -0 -0 -0 -0 -0 -0 -0 -0 -0 -0 -0 -0 -0 -0 -0 -0 -0 -0 -0 8,1535 8,1535 9,6322 9,6322 10,2124 11,6341 11,6341 13,7089 13,7089 13,6923 13,6923 14,7992 14,7453 14,7453 14,7757 14,7757 14,2153
-0 -0 -0 -0 -0 -0 -0 -0 -0 -0 -0 -0 -0 -0 -0 -0 -0 -0 -0 12,5065 13,0264 13,0264 12,7719 12,7719 12,6605 12,6605 13,0864 12,9601 12,9601 11,833 11,833 11,3177 11,3177 -0 -0 -0 -0 -0 -0 -0 -0 -0 -0 -0 -0 -0 -0 -0 -0 -0 -0 -0 -0 -0 -0 -0 -0 -0 -0 -0 -0 8,1254 8,1254 9,1554 9,1554 9,8563 10,8002 10,8002 13,8399 13,8399 14,4489 14,4489 14,8163 15,0431 15,0431 15,2117 15,2117 15,4478
-0 -0 -0 -0 -0 -0 -0 -0 -0 -0 -0 -0 -0 -0 -0 -0 -0 -0 -0 12,8584 13,97 13,97 14,1544 14,1544 13,8055 13,8055 13,2225 12,4625 12,4625 10,4975 10,4975 10,6721 10,6721 11,3399 -0 -0 -0 -0 -0 -0 -0 -0 -0 -0 -0 -0 -0 -0 -0 -0 -0 -0 -0 -0 -0 -0 -0 -0 -0 -0 -0 8,3486 8,3486 8,7748 9,4896 9,4896 10,4644 10,4644 13,0383 13,0383 14,7001 14,831 14,831 15,0154 15,0154 15,1697 15,1697 15,3265
-0 -0 -0 -0 -0 -0 -0 -0 -0 -0 -0 -0 -0 -0 -0 -0 -0 -0 13,8631 13,8631 14,2703 14,2703 14,1391 14,1391 13,6415 12,9205 12,9205 12,0616 12,0616 9,9235 9,9235 -0 -0 -0 -0 -0 -0 -0 -0 -0 -0 -0 -0 -0 -0 -0 -0 -0 -0 -0 -0 -0 -0 -0 -0 -0 -0 -0 -0 8,1046 8,1046 8,6312 10,746 9,3124 12,4434 12,4434 13,5509 13,5509 13,835 13,835 14,2856 14,4247 14,4247 14,7064 14,7064 14,9309 14,9309 15,0397
-0 -0 -0 -0 -0 -0 -0 -0 -0 -0 -0 -0 -0 -0 -0 -0 -0 -0 -0 -0 -0 -0 14,3143 14,3143 13,7557 12,7287 12,7287 11,8068 11,8068 9,7636 9,7636 9,5077 9,4286 9,4286 9,3145 9,3145 9,2431 9,2431 -0 -0 -0 -0 -0 -0 -0 -0 8,593 8,593 8,5231 8,5231 8,3904 8,3904 8,4355 8,4355 8,2454 -0 -0 -0 -0 8,1716 8,1716 9,0241 13,3149 10,746 14,1561 14,1561 14,0004 14,0004 14,0018 14,118 14,118 13,7407 13,7407 9,0131 9,0131 12,7026 13,1091 13,1091
-0 -0 -0 -0 -0 -0 -0 -0 -0 -0 -0 -0 -0 -0 -0 -0 -0 -0 -0 -0 -0 -0 -0 -0 13,6018 12,5466 12,5466 11,6049 11,6049 9,3987 9,3987 9,2707 9,3107 9,3107 9,3867 9,3867 9,239 9,239 -0 -0 -0 -0 -0 8,7319 8,7319 8,6649 8,6625 8,6625 8,628 8,628 8,5312 8,5312 8,3821 8,2615 8,2615 8,1802 8,1802 8,1412 8,1412 8,1645 10,6378 10,6378 11,2708 13,3149 13,9948 13,9948 13,422 9,2153 9,2153 12,2682 12,2682 13,5616 13,5616 13,5572 13,4585 13,4585 10,0416 10,0416
-0 -0 -0 -0 -0 -0 -0 -0 -0 -0 -0 -0 -0 -0 -0 -0 -0 -0 -0 -0 -0 -0 -0 13,4101 13,4101 12,6532 12,6532 11,7222 11,7222 9,4938 9,3004 9,3004 9,2998 9,2998 9,9034 9,9034 9,8418 9,9867 8,932 8,7878 8,7878 8,7649 8,7649 8,8013 8,8013 8,8382 8,8165 8,8165 11,4947 11,4947 9,3679 9,3679 10,7487 8,6124 8,6124 8,3217 8,3217 8,2132 8,2132 8,3851 12,1489 12,1489 12,3254 11,2708 13,8853 13,8853 12,53 9,4339 9,4339 9,2462 9,2462 11,5498 11,5498 13,9082 14,1763 14,1763 14,8407 14,8407
-0 -0 -0 -0 -0 -0 -0 -0 -0 -0 -0 -0 -0 -0 -0 -0 -0 -0 -0 -0 -0 -0 11,5986 13,4433 13,4433 12,8948 12,8948 11,8563 11,8563 10,555 10,3552 10,3552 9,9188 9,9188 10,1457 10,1457 10,7939 11,4496 9,9867 9,8391 9,8391 9,7652 9,7652 11,2492 10,2893 10,2893 10,208 10,208 12,5217 12,5217 12,5553 13,8711 13,8711 11,6864 11,6864 9,6376 9,6376 9,7366 9,2142 9,2142 12,7157 12,7157 13,5597 12,3254 13,9117 12,3637 12,3637 8,442 8,442 -0 -0 8,9852 11,155 11,155 12,5143 12,5143 12,9761 12,9761
16,1719 -0 -0 -0 -0 -0 -0 -0 -0 -0 -0 -0 -0 -0 -0 -0 -0 -0 11,4155 11,4155 12,5487 12,5487 12,876 13,5967 13,5967 13,4785 13,4785 12,6706 12,6706 11,9747 11,5919 11,5919 11,3146 11,3146 11,0251 11,0251 11,5984 12,0499 11,4496 12,0389 12,0389 12,7287 12,7287 13,807 13,9398 13,9398 12,9559 12,9559 13,424 13,424 13,68 13,9605 13,9605 12,7666 12,7666 13,8202 13,8202 12,5758 12,9798 12,9798 13,3748 13,3748 14,944 13,5597 13,9611 12,2756 12,2756 8,5044 8,5044 -0 -0 -0 -0 -0 8,6517 8,6517 11,2464 11,2464
16,1947 15,3231 15,2963 15,2963 15,4663 15,4663 15,2324 -0 -0 -0 -0 -0 -0 -0 9,5093 9,5093 10,6391 10,6391 11,4356 11,4356 12,2757 12,1016 12,1016 12,85 12,85 13,1954 13,1954 12,967 12,6287 12,6287 12,7984 12,7984 12,8315 12,8315 13,0503 13,0738 13,0738 13,0542 12,0499 12,4025 12,4025 12,904 12,9741 12,9741 14,3018 14,3018 13,24 13,24 13,7127 14,0551 14,0551 13,3286 13,3286 13,7939 13,7939 14,049 13,1764 13,1764 13,6267 13,6267 14,0357 14,0357 14,7064 14,0435 14,0435 13,3974 13,3974 8,4507 8,4507 -0 -0 -0 -0 -0 -0 -0 -0 11,9253
16,4754 16,1947 15,8496 15,8496 15,772 15,772 15,6897 15,4174 15,4174 -0 -0 -0 -0 -0 -0 -0 -0 -0 11,1533 11,1533 11,0078 11,276 11,276 12,0113 12,0113 12,8021 12,8021 12,9248 12,6057 12,6057 13,2142 13,2142 12,664 12,664 10,9155 11,129 11,129 12,7766 13,0542 12,8445 12,8445 12,8669 13,2258 13,2258 14,2434 14,2434 14,5257 14,5257 14,1021 14,7194 14,7194 14,0696 14,0696 14,6695 14,6695 16,0326 14,7863 14,7863 14,6621 14,6621 15,0652 15,0652 14,7701 13,566 13,566 12,3227 12,3227 8,1024 -0 -0 -0 -0 -0 -0 -0 -0 -0 10,0823
15,5716 16,4754 16,0113 16,0113 15,9434 15,9434 15,6861 -0 -0 15,7457 15,7457 -0 -0 -0 -0 -0 -0 -0 -0 -0 11,0296 11,3532 11,3532 11,8846 11,8846 12,7239 12,7239 12,2465 12,7137 12,7137 12,0775 12,0775 9,9692 10,1038 10,1038 9,9369 9,9369 10,6044 12,7766 13,6239 13,5069 13,5069 13,942 13,942 14,3232 14,3232 14,5302 14,4974 14,4974 14,8623 14,8623 14,5767 14,5767 14,7764 14,7408 14,7408 15,6216 15,6216 15,5302 15,5302 15,0054 12,4799 12,4799 13,0458 13,0458 10,4166 10,4166 8,1543 8,0111 8,0111 -0 -0 -0 -0 -0 -0 -0 8,4007
15,4774 15,5716 15,8466 15,8466 15,9898 15,9898 15,8713 15,8059 15,8059 15,7292 15,7292 -0 -0 -0 -0 -0 -0 -0 -0 -0 -0 -0 -0 -0 -0 12,1348 12,128 12,128 12,6974 12,6974 11,4343 11,4343 11,1407 11,5005 11,5005 11,6908 11,6908 11,7722 10,6044 14,0396 14,3618 14,3618 14,4578 14,4578 14,4427 14,4427 14,9142 14,5872 14,5872 14,7744 14,7744 14,7919 14,7919 15,4469 15,1995 15,1995 15,585 15,585 14,0813 14,0813 13,7107 12,5055 12,5055 11,461 11,461 8,4452 8,3169 8,3169 8,0778 8,0778 8,0998 8,0998 8,059 8,042 8,042 8,035 8,035 8,3231
15,4706 15,4774 15,5044 15,5044 -0 15,657 15,657 15,6253 15,6253 15,5982 15,5982 15,4335 15,2052 15,2052 15,1553 15,1553 -0 -0 -0 -0 -0 10,9155 10,9155 10,6873 10,6873 10,5726 12,0979 12,0979 12,6828 12,6828 12,6542 12,6542 12,8722 13,3119 13,3119 13,6115 13,6115 13,954 11,7722 14,2586 14,337 14,337 14,8234 14,8234 14,4525 16,3365 16,3365 14,7613 14,7613 14,6993 14,6993 14,6636 14,5988 14,5988 14,4775 14,4775 14,0618 14,0618 13,5826 12,3238 12,3238 8,5985 8,5985 8,8898 8,8898 8,3996 8,2164 8,2164 8,1614 8,1614 8,1359 8,1359 8,3184 8,5951 8,5951 8,9718 8,9718 9,6057
-0 15,4706 15,4629 15,4629 15,4897 15,5335 15,5335 15,5518 15,5518 -0 -0 -0 -0 -0 15,1638 15,1638 -0 -0 -0 11,4648 11,4648 13,0522 13,0522 13,0673 13,0673 12,9506 12,623 12,623 12,5339 12,5339 12,2749 12,4385 12,4385 12,9316 12,9316 13,4338 13,4338 13,8365 14,1985 14,1985 14,2803 14,2803 14,6666 14,6666 14,3881 14,6582 14,6582 14,5779 14,5779 14,5538 14,5538 14,4993 14,4703 14,4703 14,1812 14,1812 13,6926 13,6926 12,9354 11,755 11,755 8,5429 8,5429 8,565 8,3791 8,3791 8,2439 8,2439 8,1712 8,1712 8,3905 9,3778 9,3778 9,8066 9,8066 10,3568 10,3568 10,6694
-0 -0 15,4485 15,4485 15,4593 15,4902 15,4902 -0 -0 -0 -0 -0 -0 -0 -0 -0 -0 10,9678 10,9678 12,6824 12,6824 13,3451 13,3451 12,9969 12,3311 12,3311 12,0554 12,0554 11,9922 11,9922 12,0265 11,904 11,904 12,28 12,28 12,9752 12,9752 13,3519 14,0691 14,0691 14,1326 14,1326 14,5533 14,5673 14,5673 14,5246 14,5246 14,2606 14,2606 14,2281 14,1514 14,1514 13,953 13,953 13,691 13,691 13,3655 10,6216 10,6216 8,6782 8,6782 8,4029 8,4029 8,3686 8,2566 8,2566 8,2076 8,2076 8,2728 8,2728 9,0453 9,412 9,412 10,1891 10,1891 11,2262 12,2995 12,2995
