input/raster_salmean.txt
ncols         850
nrows         336
xllcorner     -8,191602834082
yllcorner     49,933549291263
cellsize      0,049944009368699
NODATA_value  -9999
[rows 204 to 237 of 336, columns 546 to 623 of 850]
10,5326 10,5326 10,5428 10,5793 10,5783 10,5783 10,5774 10,5663 10,5663 10,5552 10,5552 10,5442 10,5442 10,383 10,5115 10,4233 10,4233 10,3353 10,041 10,041 9,7467 9,7467 9,4525 9,4525 8,7307 8,7307 8,2375 7,4948 7,4948 7,257 7,257 7,0191 7,0191 6,7813 6,7813 6,7813 6,7915 6,2982 -0 -0 -0 -0 -0 -0 -0 -0 -0 -0 -0 -0 -0 -0 -0 -0 -0 -0 -0 -0 -0 -0 -0 -0 -0 -0 -0 -0 -0 -0 -0 -0 -0 -0 -0 -0 -0 -0 -0 -0
10,4849 10,4849 10,5063 10,5428 10,553 10,5631 10,5631 10,5384 10,5384 10,5136 10,5136 10,4888 10,4888 10,2545 10,2218 10,2218 10,0606 10,0606 9,6829 9,6829 9,305 9,305 8,9272 8,3613 8,3613 7,7953 8,0087 7,2869 7,2869 7,115 7,115 6,9431 6,9431 6,7712 6,7712 6,7712 6,3351 6,3351 -0 -0 -0 -0 -0 -0 -0 -0 -0 -0 -0 -0 -0 -0 -0 -0 -0 -0 -0 -0 -0 -0 -0 -0 -0 -0 -0 -0 -0 -0 -0 -0 -0 -0 -0 -0 -0 -0 -0 -0
10,4777 10,4962 10,4962 10,5276 10,5276 10,5489 10,5489 10,5104 10,5104 10,4719 10,4334 10,4334 10,1261 10,1261 10,0202 10,0202 9,7859 9,7859 9,3246 9,3246 8,863 8,4017 8,4017 7,9918 7,9918 7,5818 7,7953 7,2295 7,2295 7,0848 6,94 6,94 6,7953 6,7953 6,7412 6,7412 6,3242 6,3242 -0 -0 -0 -0 -0 -0 -0 -0 -0 -0 -0 -0 -0 -0 -0 -0 -0 -0 -0 -0 -0 -0 -0 -0 -0 -0 -0 -0 -0 -0 -0 -0 -0 -0 -0 -0 -0 -0 -0 -0
10,4705 10,4861 10,4962 10,5146 10,5146 10,533 10,533 10,4252 10,3173 10,3173 10,2094 10,2094 9,8184 9,8184 9,8187 9,8187 9,5113 8,9664 8,9664 8,4213 8,4213 7,8763 7,8763 7,6224 7,6224 7,5818 7,5818 7,172 7,0545 7,0545 6,937 6,937 6,8195 6,8195 6,734 6,734 6,2719 -0 -0 -0 -0 -0 -0 -0 -0 -0 -0 -0 -0 -0 -0 -0 -0 -0 -0 -0 -0 -0 -0 -0 -0 -0 -0 -0 -0 -0 -0 -0 -0 -0 -0 -0 -0 -0 -0 -0 -0 -0
10,4633 10,476 10,4861 10,5016 10,5016 10,5171 10,3399 10,3399 10,1626 10,1626 9,9854 9,9854 9,5107 9,5107 9,4273 9,0363 9,0363 8,6237 8,6237 8,211 8,211 7,7985 7,7985 7,5676 7,3366 7,3684 7,1145 7,1145 7,0242 7,0242 6,9339 6,9339 6,8436 6,7268 6,7268 6,61 6,6485 6,4933 6,4933 -0 -0 -0 -0 -0 -0 -0 -0 -0 -0 -0 -0 -0 -0 -0 -0 -0 -0 -0 -0 -0 -0 -0 -0 -0 -0 -0 -0 -0 -0 -0 -0 -0 -0 -0 -0 -0 -0 -0
10,5492 10,506 10,4886 10,4886 10,5012 10,5012 10,2546 10,2546 10,008 10,008 9,7614 9,203 9,203 8,6445 9,0358 8,5612 8,5612 8,281 8,281 8,0008 7,7206 7,7206 7,5127 7,5127 7,3047 7,3366 7,1057 7,1057 7,0317 7,0317 6,9577 6,8838 6,8838 6,765 6,765 6,6461 6,61 6,4933 6,4933 -0 -0 -0 -0 -0 -0 -0 -0 -0 -0 -0 -0 -0 -0 -0 -0 -0 -0 -0 -0 -0 -0 -0 -0 -0 -0 -0 -0 -0 -0 -0 -0 -0 -0 -0 -0 -0 -0 -0
10,5361 10,5361 10,4627 10,4627 10,4195 10,4195 9,993 9,993 9,5663 9,1398 9,1398 8,78 8,78 8,4201 8,6445 8,0861 8,0861 7,9384 7,7905 7,7905 7,6428 7,6428 7,4578 7,4578 7,2729 7,3047 7,0968 7,0392 7,0392 6,9816 6,9816 6,9239 6,9239 6,8031 6,8031 6,6823 6,5274 6,5274 -0 -0 -0 -0 -0 -0 -0 -0 -0 -0 -0 -0 -0 -0 -0 -0 -0 -0 -0 -0 -0 -0 -0 -0 -0 -0 -0 -0 -0 -0 -0 -0 -0 -0 -0 -0 -0 -0 -0 -0
10,5661 10,5661 10,4369 10,4369 10,3377 9,7312 9,7312 9,1245 9,1245 8,518 8,518 8,3568 8,3568 8,1955 8,4201 8,0602 7,9227 7,9227 7,7851 7,7851 7,6476 7,6476 7,4605 7,4605 7,2733 7,0879 7,0879 7,0467 7,0467 7,0054 7,0054 6,9641 6,9641 6,8413 6,7184 6,7184 6,5615 6,5615 6,5615 6,5615 -0 -0 -0 -0 -0 -0 -0 -0 -0 -0 -0 -0 -0 -0 -0 -0 -0 -0 -0 -0 -0 -0 -0 -0 -0 -0 -0 -0 -0 -0 -0 -0 -0 -0 -0 -0 -0 -0
10,4265 10,4265 10,411 10,256 10,256 9,4695 9,4695 8,6828 8,6828 7,8964 7,8964 7,9337 7,9711 7,9711 8,0343 8,0343 7,907 7,907 7,7797 7,7797 7,6524 7,4631 7,4631 7,2737 7,2737 7,0862 7,0862 7,0409 7,0409 6,9956 6,9503 6,9503 6,838 6,838 6,7257 6,7257 6,5955 6,5955 6,5955 -0 -0 -0 -0 -0 -0 -0 -0 -0 -0 -0 -0 -0 -0 -0 -0 -0 -0 -0 -0 -0 -0 -0 -0 -0 -0 -0 -0 -0 -0 -0 -0 -0 -0 -0 -0 -0 -0 -0
10,2868 10,09 10,2505 10,0746 10,0746 9,3382 9,3382 8,6015 8,6015 7,8651 7,9476 7,9476 8,0301 8,0301 8,0085 8,0085 7,8914 7,8914 7,7743 7,6572 7,6572 7,4657 7,4657 7,2741 7,2741 7,0844 7,0844 7,0351 6,9858 6,9858 6,9365 6,9365 6,8347 6,8347 6,733 6,7257 6,6134 6,6134 6,6134 5,5083 5,5083 -0 -0 -0 -0 -0 -0 -0 -0 -0 -0 -0 -0 -0 -0 -0 -0 -0 -0 -0 -0 -0 -0 -0 -0 -0 -0 -0 -0 -0 -0 -0 -0 -0 -0 -0 -0 -0
10,1472 9,9295 10,09 9,8932 9,8932 9,2068 8,5202 8,5202 7,8338 7,8338 7,9614 7,9614 8,089 8,089 8,1125 8,0028 8,0028 7,8931 7,8931 7,7834 7,7834 7,5871 7,5871 7,3907 7,1944 7,0826 7,0293 7,0293 6,976 6,976 6,9227 6,9227 6,8315 6,7403 6,7403 6,6312 6,6312 6,6312 6,6312 5,5078 5,5078 -0 -0 -0 -0 -0 -0 -0 -0 -0 -0 -0 -0 -0 -0 -0 -0 -0 -0 -0 -0 -0 -0 -0 -0 -0 -0 -0 -0 -0 -0 -0 -0 -0 -0 -0 -0 -0
10,0923 9,8629 9,9295 9,7119 9,0755 9,0755 8,4389 8,4389 7,8025 7,8025 7,9752 7,9752 8,148 8,3207 8,2166 8,1143 8,1143 8,0119 8,0119 7,9095 7,9095 7,7085 7,5074 7,5074 7,3063 7,1944 7,1233 7,1233 7,0521 7,0521 6,981 6,8985 6,8985 6,8161 6,8161 6,6491 6,6491 6,6491 6,6491 5,5149 -0 -0 -0 -0 -0 -0 -0 -0 -0 -0 -0 -0 -0 -0 -0 -0 -0 -0 -0 -0 -0 -0 -0 -0 -0 -0 -0 -0 -0 -0 -0 -0 -0 -0 -0 -0 -0 -0
10,0374 9,7962 9,6335 9,6335 9,1074 9,1074 8,5812 8,5812 8,0551 8,0551 8,2329 8,4108 8,4108 8,5887 8,3207 8,2257 8,2257 8,1307 8,0357 8,0357 7,8299 7,8299 7,624 7,624 7,4182 7,3063 7,2173 7,1283 7,1283 7,0393 7,0393 6,9656 6,9656 6,8919 6,8919 6,7336 6,7336 6,7336 5,4863 5,4863 -0 -0 -0 -0 -0 -0 -0 -0 -0 -0 -0 -0 -0 -0 -0 -0 -0 -0 -0 -0 -0 -0 -0 -0 -0 -0 -0 -0 -0 -0 -0 -0 -0 -0 -0 -0 -0 -0
9,7296 9,7296 9,5551 9,5551 9,1394 9,1394 8,7235 8,3078 8,3078 8,4907 8,4907 8,6738 8,6738 8,8567 8,5887 8,4893 8,3899 8,3899 8,2906 8,2906 8,0824 8,0824 7,8741 7,8741 7,6659 7,3113 7,3113 7,2044 7,2044 7,0975 7,0975 7,0326 7,0326 6,9677 6,9028 6,8182 6,8182 6,8182 5,8946 5,8946 -0 -0 -0 -0 -0 -0 -0 -0 -0 -0 -0 -0 -0 -0 -0 -0 -0 -0 -0 -0 -0 -0 -0 -0 -0 -0 -0 -0 -0 -0 -0 -0 -0 -0 -0 -0 -0 -0
9,8651 9,8651 9,4767 9,4767 9,1713 8,8658 8,8658 8,5603 8,5603 8,7484 8,7484 8,9366 8,9366 8,8567 8,753 8,753 8,6492 8,6492 8,5455 8,5455 8,3349 8,1243 8,1243 7,9138 7,9138 7,5305 7,5305 7,395 7,395 7,2595 7,1774 7,1774 7,0954 7,0954 7,0133 6,9028 6,9028 6,9028 6,2974 -0 -0 -0 -0 -0 -0 -0 -0 -0 -0 -0 -0 -0 -0 -0 -0 -0 -0 -0 -0 -0 -0 -0 -0 -0 -0 -0 -0 -0 -0 -0 -0 -0 -0 -0 -0 -0 -0 -0
10,0007 10,0007 9,6579 9,4289 9,4289 9,1998 9,1998 8,9708 8,9708 9,1071 9,2434 9,2434 9,3797 9,1247 9,0166 9,0166 8,9085 8,9085 8,8004 8,5874 8,5874 8,3744 8,3744 8,1615 7,9138 7,7497 7,7497 7,5856 7,4215 7,4215 7,3223 7,3223 7,2231 7,2231 7,1239 6,9524 6,9524 6,7417 6,7417 5,5527 5,5527 -0 -0 -0 -0 -0 -0 -0 -0 -0 -0 -0 -0 -0 -0 -0 -0 -0 -0 -0 -0 -0 -0 -0 -0 -0 -0 -0 -0 -0 -0 -0 -0 -0 -0 -0 -0 -0
10,1363 10,0202 9,8391 9,6865 9,6865 9,534 9,534 9,3814 9,4658 9,4658 9,5503 9,5503 9,6347 9,3797 9,2718 9,2718 9,1638 9,0559 9,0559 8,8347 8,8347 8,6135 8,6135 8,3923 7,9689 7,9689 7,7761 7,7761 7,5835 7,5835 7,4671 7,4671 7,3507 7,2344 7,2344 6,9943 6,9943 6,8647 6,8647 6,6399 6,6399 -0 -0 -0 -0 -0 -0 -0 -0 -0 -0 -0 -0 -0 -0 -0 -0 -0 -0 -0 -0 -0 -0 -0 -0 -0 -0 -0 -0 -0 -0 -0 -0 -0 -0 -0 -0 -0
10,223 10,1224 10,0202 9,9441 9,9441 9,868 9,7919 9,7919 9,8245 9,8245 9,8571 9,8571 9,8896 9,527 9,527 9,4192 9,4192 9,3115 9,3115 9,0821 9,0821 8,8526 8,6232 8,6232 8,1969 8,1969 8,0014 8,0014 7,806 7,806 7,6595 7,5129 7,5129 7,3664 7,3664 7,0362 7,0362 6,838 6,6399 6,6399 6,6399 6,6399 -0 -0 -0 -0 -0 -0 -0 -0 -0 -0 -0 -0 -0 -0 -0 -0 -0 -0 -0 -0 -0 -0 -0 -0 -0 -0 -0 -0 -0 -0 -0 -0 -0 -0 -0 -0
10,3097 10,1224 10,1224 10,0627 10,0028 10,0028 9,9431 9,9431 9,9778 9,9778 10,0126 10,0474 10,0474 9,7821 9,7821 9,6745 9,6745 9,567 9,567 9,3294 9,0917 9,0917 8,8541 8,8541 8,4251 8,4251 8,2268 8,0286 8,0286 7,852 7,852 7,6752 7,6752 7,4986 7,4986 7,1524 6,9383 6,9383 6,7243 6,7243 6,6647 6,6647 0,8436 -0 -0 -0 -0 -0 -0 -0 -0 -0 -0 -0 -0 -0 -0 -0 -0 -0 -0 -0 -0 -0 -0 -0 -0 -0 -0 -0 -0 -0 -0 -0 -0 -0 -0 -0
10,3964 10,2247 10,1812 10,1812 10,1377 10,1377 10,0943 10,0943 10,1313 10,1683 10,1683 10,2053 10,2053 9,9175 9,9175 9,7876 9,6577 9,6577 9,261 9,261 8,8643 8,8643 8,4676 8,4676 8,6531 8,4521 8,4521 8,2512 8,2512 8,0444 8,0444 7,8375 7,6307 7,6307 7,3848 7,2686 7,0387 7,0387 6,8087 6,8087 -0 6,5743 6,5743 -0 -0 -0 -0 -0 -0 -0 -0 -0 -0 -0 -0 -0 -0 -0 -0 -0 -0 -0 -0 -0 -0 -0 -0 -0 -0 -0 -0 -0 -0 -0 -0 -0 -0 -0
10,3588 10,327 10,2998 10,2998 10,2726 10,2726 10,2454 10,2846 10,2846 10,3238 10,3238 10,3631 10,3631 10,053 9,9007 9,9007 9,7484 9,7484 9,1927 9,1927 8,6368 8,6368 8,0811 7,9138 8,2835 8,0994 8,0994 7,9152 7,9152 7,7631 7,611 7,611 7,4589 7,4589 7,2658 7,3848 7,139 6,8931 6,8931 -0 -0 6,5435 6,5435 6,3687 6,3687 -0 -0 -0 -0 -0 -0 -0 -0 -0 -0 -0 -0 -0 -0 -0 -0 -0 -0 -0 -0 -0 -0 -0 -0 -0 -0 -0 -0 -0 -0 -0 -0 -0
10,3907 10,3588 10,3458 10,3458 10,3327 10,3197 10,3197 10,3669 10,3669 10,414 10,414 10,4612 10,2221 10,1884 10,0137 10,0137 9,8391 9,8391 9,1243 8,4094 8,4094 7,6946 7,6946 7,5442 7,9138 7,7465 7,7465 7,5792 7,4819 7,4819 7,3845 7,3845 7,2871 7,2871 7,1467 7,0726 7,0726 6,8794 6,8794 -0 -0 6,573 6,573 6,4197 -0 -0 -0 -0 -0 -0 -0 -0 -0 -0 -0 -0 -0 -0 -0 -0 -0 -0 -0 -0 -0 -0 -0 -0 -0 -0 -0 -0 -0 -0 -0 -0 -0 -0
10,4226 10,3907 10,3918 10,3929 10,3929 10,394 10,394 10,4491 10,4491 10,5043 10,5594 10,5594 10,2559 10,2221 9,983 9,983 9,7439 9,0598 9,0598 8,3755 8,3755 7,6914 7,6914 7,5339 7,3937 7,3937 7,2433 7,2433 7,2007 7,2007 7,158 7,158 7,1154 7,0276 7,1467 7,0062 7,0062 6,8657 6,8657 -0 6,6024 6,6024 6,4708 6,4708 -0 -0 -0 -0 -0 -0 -0 -0 -0 -0 -0 -0 -0 -0 -0 -0 -0 -0 -0 -0 -0 -0 -0 -0 -0 -0 -0 -0 -0 -0 -0 -0 -0 -0
10,4153 10,4378 10,4378 10,453 10,453 10,4682 10,4682 10,5314 10,5945 10,5945 10,6576 10,6576 10,2896 10,2559 9,9522 9,6486 9,6486 8,9952 8,9952 8,3416 8,3416 7,6882 7,5236 7,5236 7,3764 7,3764 7,2189 7,2189 7,1704 7,1704 7,1219 7,0733 7,0733 6,9901 7,0276 6,9398 6,9398 6,8521 -0 -0 6,6319 6,6319 6,5219 6,5219 -0 -0 -0 -0 -0 -0 -0 -0 -0 -0 -0 -0 -0 -0 -0 -0 -0 -0 -0 -0 -0 -0 -0 -0 -0 -0 -0 -0 -0 -0 -0 -0 -0 -0
10,408 10,4513 10,4513 10,4874 10,4874 10,5235 10,5543 10,5543 10,5851 10,5851 10,6159 10,6159 10,1737 9,9214 9,9214 9,5534 9,5534 8,9306 8,9306 8,3077 7,6849 7,6849 7,5134 7,5134 7,3591 7,3591 7,1946 7,1401 7,1401 7,0857 7,0857 7,0313 7,0313 6,9525 6,9901 6,9068 6,8235 6,8235 -0 -0 6,6409 6,6409 6,5497 6,5497 -0 -0 -0 -0 -0 -0 -0 -0 -0 -0 -0 -0 -0 -0 -0 -0 -0 -0 -0 -0 -0 -0 -0 -0 -0 -0 -0 -0 -0 -0 -0 -0 -0 -0
10,4007 10,4649 10,5218 10,5218 10,5787 10,5787 10,5772 10,5772 10,5757 10,5757 10,5743 10,0577 10,0577 9,7313 9,7313 9,289 9,289 8,7944 8,2996 8,2996 7,805 7,805 7,5973 7,5973 7,3418 7,1702 7,1702 7,1099 7,1099 7,0495 7,0495 6,9892 6,915 6,915 6,8737 6,8737 6,7949 6,7949 -0 -0 6,6499 6,5775 6,5775 6,5775 6,5497 -0 -0 -0 -0 -0 -0 -0 -0 -0 -0 -0 -0 -0 -0 -0 -0 -0 -0 -0 -0 -0 -0 -0 -0 -0 -0 -0 -0 -0 -0 -0 -0 -0
10,5368 10,4784 10,5562 10,5562 10,6339 10,6339 10,6001 10,6001 10,5664 10,5326 10,5326 9,9418 9,9418 9,541 9,541 9,0245 8,6581 8,6581 8,2916 8,2916 7,9252 7,9252 7,6813 7,4373 7,3895 7,1818 7,1818 7,1137 7,1137 7,0456 6,9775 6,9775 6,9069 6,9069 6,8407 6,8407 -0 6,7127 6,7127 6,659 6,659 6,6052 6,6052 -0 -0 -0 -0 -0 -0 -0 -0 -0 -0 -0 -0 -0 -0 -0 -0 -0 -0 -0 -0 -0 -0 -0 -0 -0 -0 -0 -0 -0 -0 -0 -0 -0 -0 -0
10,5952 10,5368 10,6028 10,6028 10,6688 10,6053 10,6053 10,5418 10,5418 10,4783 10,4783 9,8378 9,8378 9,3508 8,7601 8,7601 8,5218 8,5218 8,2835 8,2835 8,0453 7,7652 7,7652 7,4851 7,4373 7,1934 7,1934 7,1176 7,0417 7,0417 6,9658 6,9658 6,8988 6,8988 6,8362 -0 -0 6,7199 6,7199 6,6743 6,6743 6,6287 -0 -0 -0 -0 -0 -0 -0 -0 -0 -0 -0 -0 -0 -0 -0 -0 -0 -0 -0 -0 -0 -0 -0 -0 -0 -0 -0 -0 -0 -0 -0 -0 -0 -0 -0 -0
10,6535 10,5952 10,6494 10,7037 10,7037 10,6105 10,6105 10,5172 10,5172 10,4239 9,7338 9,7338 9,0434 9,1971 8,5567 8,5567 8,2755 8,2755 7,9942 7,713 7,713 7,5139 7,5139 7,3148 7,4851 7,2051 7,1214 7,1214 7,0378 7,0378 6,9541 6,9541 6,8907 -0 -0 6,7647 6,7647 6,7272 6,7272 6,6896 6,6521 6,6521 6,6521 6,6521 -0 -0 -0 -0 -0 -0 -0 -0 -0 -0 -0 -0 -0 -0 -0 -0 -0 -0 -0 -0 -0 -0 -0 -0 -0 -0 -0 -0 -0 -0 -0 -0 -0 -0
10,6821 10,6961 10,6961 10,7386 10,7386 10,6156 10,6156 10,4926 10,3696 10,3696 9,6298 9,6298 8,8897 9,0434 8,3532 8,029 8,029 7,7048 7,7048 7,3806 7,3806 7,2625 7,1444 7,3148 7,1157 7,1157 7,0705 7,0705 7,0253 7,0253 6,9541 -0 -0 6,8273 -0 6,7638 6,7638 6,7344 6,705 6,705 6,6755 6,6755 6,6755 6,6755 -0 -0 -0 -0 -0 -0 -0 -0 -0 -0 -0 -0 -0 -0 -0 -0 -0 -0 -0 -0 -0 -0 -0 -0 -0 -0 -0 -0 -0 -0 -0 -0 -0 -0
10,7107 10,7447 10,7447 10,8072 10,8072 10,6751 10,5429 10,5429 10,4107 10,4107 9,5864 9,5864 8,8897 8,1498 8,1498 7,7827 7,7827 7,4155 7,4155 7,0483 7,0112 7,0112 6,9741 7,1444 7,0264 7,0264 7,0196 6,7261 6,7261 -0 -0 0,9533 0,9533 0,7715 6,7638 6,7638 6,7344 6,7344 6,705 6,705 6,6755 6,6755 6,6755 -0 -0 -0 -0 -0 -0 -0 -0 -0 -0 -0 -0 -0 -0 -0 -0 -0 -0 -0 -0 -0 -0 -0 -0 -0 -0 -0 -0 -0 -0 -0 -0 -0 -0 -0
10,7393 10,7933 10,7933 10,8758 10,7345 10,7345 10,5932 10,5932 10,4519 10,4519 9,543 8,6338 8,7618 7,9374 7,9374 7,699 7,699 7,4606 -0 -0 -0 -0 -0 6,9741 6,937 6,9687 6,9687 -0 -0 -0 -0 1,0318 0,9236 0,9236 0,5108 0,5108 0,371 0,371 0,3211 0,2901 0,2901 0,2608 0,2608 -0 -0 -0 -0 -0 -0 -0 -0 -0 -0 -0 -0 -0 -0 -0 -0 -0 -0 -0 -0 -0 -0 -0 -0 -0 -0 -0 -0 -0 -0 -0 -0 -0 -0 -0
10,6997 10,8419 10,9444 10,9444 10,7939 10,7939 10,6434 10,6434 10,493 9,4996 9,4996 8,5059 8,6338 7,7249 7,7249 7,6154 6,462 6,462 -0 -0 -0 -0 -0 -0 -0 -0 -0 -0 -0 -0 -0 -0 -0 -0 -0 -0 0,3807 0,3598 0,3598 0,3496 0,3496 -0 -0 -0 -0 -0 -0 -0 -0 -0 -0 -0 -0 -0 -0 -0 -0 -0 -0 -0 -0 -0 -0 -0 -0 -0 -0 -0 -0 -0 -0 -0 -0 -0 -0 -0 -0 -0
10,7121 10,777 10,8542 10,8542 10,7394 10,7394 10,6245 10,5096 10,5096 9,4894 9,4894 8,469 8,5059 7,5125 7,5317 7,5317 6,4699 6,4699 -0 -0 -0 -0 -0 -0 -0 -0 -0 -0 -0 -0 -0 -0 -0 -0 -0 -0 -0 -0 -0 -0 -0 -0 -0 -0 -0 -0 -0 -0 -0 -0 -0 -0 -0 -0 -0 -0 -0 -0 -0 -0 -0 -0 -0 -0 -0 -0 -0 -0 -0 -0 -0 -0 -0 -0 -0 -0 -0 -0
