input/raster_salmean.txt
ncols         850
nrows         336
xllcorner     -8,191602834082
yllcorner     49,933549291263
cellsize      0,049944009368699
NODATA_value  -9999
[rows 204 to 237 of 336, columns 312 to 389 of 850]
34,3447 34,2785 34,2052 34,2052 34,1189 34,1189 33,9905 33,9905 33,7979 33,7979 33,5086 33,0059 33,0059 32,2671 32,2671 -0 -0 -0 -0 -0 -0 -0 -0 -0 32,6733 32,6733 -0 -0 -0 -0 -0 -0 -0 -0 -0 -0 -0 -0 -0 -0 -0 -0 -0 -0 -0 -0 -0 -0 -0 -0 -0 -0 -0 -0 -0 -0 -0 -0 -0 -0 -0 -0 -0 -0 -0 -0 -0 -0 -0 -0 -0 27,736 27,736 28,0742 28,0742 28,4916 28,4916 29,5556
34,3246 34,2487 34,1666 34,1666 34,0736 34,0736 33,9432 33,9432 33,8048 33,8048 33,4667 32,915 32,915 32,2028 32,2028 -0 -0 -0 -0 -0 -0 -0 -0 -0 -0 -0 -0 -0 -0 -0 -0 -0 -0 -0 -0 -0 -0 -0 -0 -0 -0 -0 -0 -0 -0 -0 -0 -0 -0 -0 -0 -0 -0 -0 -0 -0 -0 -0 -0 -0 -0 -0 -0 -0 -0 -0 -0 -0 -0 -0 -0 26,2037 26,2037 28,1174 28,1174 28,6082 31,319 31,319
34,3031 34,2221 34,1389 34,1389 34,0338 34,0338 33,8992 33,8992 33,6915 33,6915 33,3922 33,3922 32,9018 32,0487 32,0487 -0 -0 -0 -0 -0 -0 -0 -0 -0 -0 -0 -0 -0 -0 -0 -0 -0 -0 -0 -0 -0 -0 -0 -0 -0 -0 -0 -0 -0 -0 -0 -0 -0 -0 -0 -0 -0 -0 -0 -0 -0 -0 -0 -0 -0 -0 -0 -0 -0 -0 -0 -0 -0 -0 -0 -0 24,6297 24,6297 28,6551 28,6551 29,6187 31,3573 31,3573
34,2841 34,2027 34,2027 34,1102 33,9969 33,9969 33,8626 33,8626 33,6493 33,6493 33,3136 33,3136 32,797 31,9949 31,9949 -0 -0 -0 -0 -0 -0 -0 -0 -0 -0 -0 -0 -0 -0 -0 -0 -0 -0 -0 -0 -0 -0 -0 -0 -0 -0 -0 -0 -0 -0 -0 -0 -0 -0 -0 -0 -0 -0 -0 -0 -0 -0 -0 -0 -0 -0 -0 -0 -0 -0 -0 -0 -0 -0 -0 -0 25,1964 25,1964 30,5456 30,5456 31,1743 31,3113 31,3113
34,292 34,1837 34,1837 34,0898 33,979 33,979 33,8258 33,8258 33,6777 33,6777 33,3721 33,3721 32,9793 32,0077 32,0077 -0 -0 -0 -0 -0 -0 -0 -0 -0 -0 -0 -0 -0 -0 -0 -0 -0 -0 -0 -0 -0 -0 -0 -0 -0 -0 -0 -0 -0 -0 -0 -0 -0 -0 -0 -0 -0 -0 -0 -0 -0 -0 -0 -0 -0 22,1825 22,1825 -0 -0 -0 -0 -0 -0 -0 24,417 24,417 28,3835 28,3835 30,6027 31,1927 31,1927 24,0617 24,0617
34,2479 34,1659 34,1659 34,0729 33,9599 33,9599 33,7909 33,7909 33,5811 33,5811 33,2016 33,2016 32,7038 31,9545 31,9545 -0 -0 -0 -0 -0 -0 -0 -0 -0 -0 -0 -0 -0 -0 -0 -0 -0 -0 -0 -0 -0 -0 -0 -0 -0 -0 -0 -0 -0 -0 -0 -0 -0 -0 -0 -0 -0 -0 -0 -0 -0 -0 -0 22,2156 22,2156 22,1961 22,1961 -0 -0 -0 -0 -0 27,752 27,752 28,5635 28,5635 28,7193 28,7193 30,4762 25,585 25,585 22,1322 22,1322
34,2266 34,1469 34,1469 34,0551 33,9413 33,9413 33,7575 33,7575 33,5503 33,5503 33,1485 33,1485 32,5971 31,7875 31,7875 -0 -0 -0 -0 -0 -0 -0 -0 -0 -0 -0 -0 -0 -0 -0 -0 -0 -0 -0 -0 -0 -0 -0 -0 -0 -0 -0 -0 -0 -0 -0 -0 -0 -0 -0 -0 -0 -0 -0 -0 -0 22,3669 22,3669 22,4958 22,4958 -0 -0 -0 -0 21,5381 -0 -0 29,6636 29,6636 28,4421 28,4421 28,4118 28,4118 30,3027 23,9404 23,9404 30,1063 30,1063
34,2199 34,1462 34,1462 34,0417 33,9287 33,9287 33,7986 33,7986 33,5244 33,5244 33,1636 33,1636 32,467 -0 -0 -0 -0 -0 -0 -0 -0 -0 -0 -0 -0 -0 -0 -0 -0 -0 -0 -0 -0 -0 -0 -0 -0 -0 -0 -0 -0 -0 -0 -0 -0 -0 -0 -0 -0 -0 -0 -0 -0 -0 -0 -0 23,3753 23,3753 23,8512 23,8512 23,8466 23,8466 -0 -0 23,4837 21,7111 21,7111 -0 -0 25,435 25,435 28,3506 28,3506 30,235 30,045 30,045 30,0091 30,0091
34,1745 34,0991 34,0991 34,0174 34,0174 33,9079 33,7509 33,7509 33,5071 33,5071 33,1416 33,1416 32,4553 31,3734 31,3734 -0 -0 -0 -0 -0 -0 -0 -0 -0 -0 -0 -0 -0 -0 -0 -0 -0 -0 -0 -0 -0 -0 -0 -0 -0 -0 -0 -0 -0 -0 -0 -0 -0 -0 -0 -0 -0 -0 -0 -0 -0 22,2045 22,2045 23,6168 23,6168 24,1697 24,1697 26,3924 26,3924 25,3376 28,2341 28,2341 24,3965 24,3965 23,6033 23,6033 28,6413 30,1414 30,1414 29,6023 29,6023 19,3844 19,3844
34,1742 34,0745 34,0745 33,9948 33,9948 33,8895 33,7377 33,7377 33,5606 33,5606 33,2494 33,2494 32,5807 31,4073 31,4073 -0 -0 -0 -0 -0 -0 -0 -0 -0 -0 -0 -0 -0 -0 -0 -0 -0 -0 -0 -0 -0 -0 -0 -0 -0 -0 -0 -0 -0 -0 -0 -0 -0 -0 -0 -0 -0 -0 -0 -0 -0 -0 -0 21,875 21,875 24,1359 24,1359 28,3013 28,3956 28,3956 28,4549 28,4549 28,4722 28,4722 28,5339 28,5339 29,9113 30,1036 30,1036 27,6694 27,6694 19,2962 19,2962
34,104 34,0272 34,0272 33,9616 33,9616 33,8675 33,7213 33,7213 33,5027 33,5027 33,1819 33,1819 32,6764 31,3276 31,3276 -0 -0 -0 -0 -0 -0 -0 -0 -0 -0 -0 -0 -0 -0 -0 -0 -0 -0 -0 -0 -0 -0 -0 -0 -0 -0 -0 -0 -0 -0 -0 -0 -0 -0 -0 -0 -0 -0 -0 -0 -0 -0 -0 21,4397 21,4397 23,7091 23,7091 28,2302 20,5399 20,5399 23,4453 23,4453 20,9121 20,9121 24,9685 24,9685 29,669 28,9429 28,9429 25,7128 25,7128 18,871 18,871
34,0545 33,9621 33,9621 33,8939 33,8939 33,822 33,6921 33,6921 33,4837 33,4837 33,1963 33,1963 32,6694 32,6694 31,6391 -0 -0 -0 -0 -0 -0 -0 -0 -0 -0 -0 -0 -0 -0 -0 -0 -0 -0 -0 -0 -0 -0 -0 -0 -0 -0 -0 -0 -0 -0 -0 -0 -0 -0 -0 -0 -0 -0 -0 -0 -0 -0 -0 21,1182 21,1182 22,2102 22,2102 28,1676 -0 -0 19,1861 19,1861 20,2894 20,2894 29,5043 29,5043 29,6053 19,8908 19,8908 19,3612 19,3612 18,8061 18,8061
33,9915 33,8835 33,8835 33,798 33,798 33,7343 33,6378 33,6378 33,4324 33,4324 33,137 33,137 32,6621 32,6621 31,8294 -0 -0 -0 -0 -0 -0 -0 -0 -0 -0 -0 -0 -0 -0 -0 -0 -0 -0 -0 -0 -0 -0 -0 -0 -0 -0 -0 -0 -0 -0 -0 -0 -0 -0 -0 -0 -0 -0 -0 -0 -0 20,7684 20,7684 21,1676 21,1676 25,5693 25,5693 28,1049 -0 -0 18,9745 18,9745 29,2638 29,2638 29,4471 21,6 21,6 19,7457 19,7457 17,2986 17,2986 17,9798 17,9798
33,978 33,8001 33,8001 33,7145 33,7145 33,6455 33,5804 33,5804 33,3455 33,3455 33,0769 33,0769 32,5956 32,5956 31,8126 -0 -0 -0 -0 -0 -0 -0 -0 -0 -0 -0 -0 -0 -0 -0 -0 -0 -0 -0 -0 -0 -0 -0 -0 -0 -0 -0 -0 -0 -0 -0 -0 -0 -0 -0 -0 19,4135 19,4135 20,4532 20,6121 20,6121 20,6648 20,6648 20,6269 20,6269 20,4192 20,4192 28,0201 -0 -0 23,2732 23,2732 28,9465 28,9465 26,245 24,1009 24,1009 19,2981 19,2981 18,3871 18,3871 17,3568 17,3568
33,8781 33,7014 33,7014 33,5984 33,5984 33,564 33,4677 33,4677 33,2218 33,2218 32,9653 32,9653 32,4384 32,4384 31,7475 -0 -0 -0 -0 -0 -0 -0 -0 -0 -0 -0 -0 -0 -0 -0 -0 -0 -0 -0 -0 -0 -0 -0 -0 -0 -0 -0 -0 -0 -0 -0 -0 -0 -0 -0 -0 -0 -0 20,9319 21,4273 21,4273 20,7162 20,7162 20,5317 20,5317 21,4091 21,4091 27,925 -0 -0 24,4045 24,4045 28,8554 28,8554 24,3657 22,2522 22,2522 18,2775 18,2775 17,215 17,215 17,2473 -0
33,7976 33,6504 33,6504 33,5045 33,5045 33,4384 33,4384 33,2763 33,0678 33,0678 32,7813 32,7813 32,2811 32,2811 31,6688 -0 -0 -0 -0 -0 -0 -0 -0 -0 -0 -0 -0 -0 -0 -0 -0 -0 -0 -0 -0 -0 -0 -0 -0 -0 -0 -0 -0 -0 -0 -0 -0 -0 -0 -0 -0 -0 -0 20,4352 22,3561 22,3561 20,3453 20,3453 20,2245 20,2245 23,9122 27,8257 27,8257 21,2948 21,2948 24,0814 24,0814 28,7831 28,7831 18,232 16,7919 16,7919 -0 -0 -0 -0 -0 -0
33,6836 33,5191 33,5191 33,3743 33,3743 33,2671 33,2671 33,1066 32,8265 32,8265 32,5002 32,5002 32,0663 32,0663 31,1778 -0 -0 -0 -0 -0 -0 -0 -0 -0 -0 -0 -0 -0 -0 -0 -0 -0 -0 -0 -0 -0 -0 -0 -0 -0 -0 -0 -0 -0 -0 -0 -0 -0 -0 -0 -0 20,1232 20,1232 26,046 26,3693 26,3693 27,4015 27,4015 27,4593 27,4593 27,5671 27,666 27,666 21,5309 21,5309 25,0536 25,0536 28,853 28,853 20,9216 17,2873 17,2873 17,7473 17,7473 -0 -0 -0 -0
33,5296 33,3579 33,3579 33,1827 33,1827 33,0194 33,0194 32,9071 32,6417 32,6417 32,2728 32,2728 31,6419 31,6419 -0 -0 -0 -0 -0 -0 -0 -0 -0 -0 -0 -0 -0 -0 -0 -0 -0 -0 -0 -0 -0 -0 -0 -0 -0 -0 -0 -0 -0 -0 -0 -0 -0 22,4729 22,4729 22,9384 22,9384 25,0984 25,0984 25,4521 20,082 20,082 20,1944 20,1944 22,508 22,508 26,0219 26,2323 26,2323 21,9715 21,9715 24,517 24,517 28,8413 28,0154 28,0154 19,0791 19,0791 18,3224 18,3224 -0 -0 -0 -0
33,5049 33,1346 33,1346 32,9642 32,9642 32,8692 32,8692 32,7697 32,4294 32,4294 31,9084 31,9084 30,9505 30,9505 -0 -0 -0 -0 -0 -0 -0 -0 -0 -0 -0 -0 -0 -0 -0 -0 -0 -0 -0 -0 -0 -0 -0 -0 -0 -0 -0 -0 -0 -0 -0 -0 -0 -0 -0 20,6028 20,6028 23,5013 23,5013 20,0433 -0 -0 -0 -0 -0 -0 -0 22,5327 22,5327 19,519 19,519 20,2318 20,2318 28,0315 28,0755 28,0755 22,0414 22,0414 21,0208 21,0208 16,2252 -0 -0 -0
33,6395 33,1883 33,1883 32,8762 32,8762 32,6687 32,6687 32,5336 32,2665 32,2665 31,641 31,641 30,7564 30,7564 30,2117 -0 -0 29,548 29,548 -0 -0 -0 -0 -0 -0 -0 -0 -0 -0 -0 -0 -0 -0 -0 -0 -0 -0 -0 -0 -0 -0 -0 -0 -0 -0 19,3064 19,3064 19,4875 19,4875 19,7045 19,7045 20,0003 20,0003 -0 -0 -0 -0 -0 -0 -0 -0 -0 -0 18,8636 18,8636 -0 -0 20,2565 28,2712 28,2712 27,0216 27,0216 21,2165 21,2165 -0 -0 -0 -0
33,7345 33,4887 33,4887 33,1831 33,1831 32,8457 32,8457 32,4656 32,0817 32,0817 31,6899 31,6899 31,2278 31,2278 30,4934 29,9937 29,9937 29,5594 29,5594 29,0586 29,0586 28,6469 28,6469 -0 -0 -0 -0 -0 -0 -0 -0 -0 -0 -0 -0 -0 -0 -0 -0 -0 -0 -0 -0 -0 -0 19,1743 19,1743 -0 -0 -0 -0 -0 -0 -0 -0 -0 -0 -0 -0 -0 -0 -0 -0 -0 -0 -0 -0 18,8062 28,2857 28,2857 28,3287 28,3287 26,1594 26,1594 15,7815 -0 -0 -0
33,721 33,5984 33,5984 33,4328 33,4328 33,2644 33,2644 32,8549 32,3147 32,3147 32,035 32,035 31,8627 31,8627 31,4583 31,4583 30,7479 30,179 30,179 -0 -0 28,6574 28,6574 26,4843 -0 -0 -0 -0 -0 -0 -0 -0 -0 -0 -0 -0 -0 -0 -0 -0 -0 -0 -0 -0 -0 19,108 19,108 18,5219 18,5219 -0 -0 -0 -0 -0 -0 -0 -0 -0 -0 -0 -0 -0 -0 -0 -0 -0 -0 21,3422 27,3331 27,3331 28,6459 28,6459 26,8256 26,8256 16,0697 13,2843 13,2843 -0
33,7696 33,6567 33,6567 33,5336 33,5336 33,3542 33,3542 33,1459 33,1459 32,8888 32,4984 32,4984 32,2501 32,2501 31,7673 31,7673 31,4259 30,2287 30,2287 -0 -0 28,5353 28,5353 27,5538 -0 -0 -0 -0 -0 -0 -0 -0 -0 -0 -0 -0 -0 -0 -0 -0 -0 -0 -0 -0 19,2349 19,8994 19,8994 19,0198 19,0198 -0 -0 -0 -0 -0 -0 -0 -0 -0 -0 -0 -0 -0 -0 -0 -0 -0 -0 -0 27,1061 27,1061 27,8742 27,8742 27,7506 27,7506 16,5445 -0 -0 -0
33,8102 33,8102 33,7035 33,5781 33,5781 33,4294 33,4294 33,2502 33,2502 33,0099 32,8113 32,8113 32,4295 32,4295 31,9774 31,9774 31,5646 30,7578 30,7578 29,2503 29,2503 28,6245 28,6245 27,5799 27,3577 27,3577 -0 -0 -0 -0 -0 -0 -0 -0 -0 -0 -0 -0 -0 -0 -0 -0 -0 -0 -0 20,2012 20,2012 20,0386 20,0386 17,6602 17,6602 -0 -0 -0 -0 -0 -0 -0 -0 -0 -0 -0 -0 -0 -0 -0 -0 -0 25,4572 25,4572 25,5852 25,5852 27,3558 15,8747 15,8747 -0 -0 -0
33,8298 33,8298 33,7373 33,6204 33,6204 33,4777 33,4777 33,3063 33,3063 33,0853 32,8713 32,8713 32,5069 32,5069 32,0883 32,0883 31,6519 30,8403 30,8403 29,3758 29,3758 28,4318 28,4318 27,726 -0 -0 -0 -0 -0 -0 -0 -0 -0 -0 -0 -0 -0 -0 -0 -0 -0 -0 -0 -0 -0 20,2389 20,2389 17,8604 17,8604 17,6519 17,6519 -0 -0 -0 -0 -0 -0 -0 -0 -0 -0 -0 -0 -0 -0 -0 -0 -0 20,9797 20,9797 24,8011 24,8011 27,2503 23,0745 23,0745 16,0851 16,0851 -0
33,8264 33,8264 33,7322 33,661 33,661 33,4913 33,4913 33,3388 33,3388 33,1366 32,9107 32,9107 32,5393 32,5393 32,1339 32,1339 31,6927 30,8385 30,8385 29,3925 29,3925 28,4818 28,4818 27,7769 27,6292 27,6292 -0 -0 -0 -0 -0 -0 -0 -0 -0 -0 -0 -0 -0 -0 -0 -0 -0 -0 -0 20,2585 20,2585 20,0915 20,0915 17,5236 17,5236 -0 -0 -0 -0 -0 -0 -0 -0 -0 -0 -0 -0 -0 -0 -0 -0 -0 19,6797 19,6797 19,4455 19,4455 26,7399 24,2801 24,2801 15,3916 15,3916 -0
33,818 33,818 33,7877 33,6203 33,6203 33,4874 33,4874 33,3332 33,3332 33,1485 32,926 32,926 32,5245 32,5245 31,9975 31,9975 31,4004 30,7045 30,7045 29,4145 29,4145 -0 -0 27,5897 27,5265 27,5265 -0 -0 -0 -0 -0 -0 -0 -0 -0 -0 -0 -0 -0 -0 -0 -0 -0 -0 -0 18,5664 18,5664 20,1556 20,1556 19,4197 19,4197 17,6342 -0 -0 -0 -0 -0 -0 -0 -0 -0 -0 -0 -0 -0 -0 -0 -0 19,1249 19,1249 18,5445 18,5445 26,4514 21,2494 21,2494 15,3858 15,3858 16,1719
33,8012 33,8012 33,7174 33,5986 33,5986 33,4689 33,4689 33,313 33,313 33,1015 32,8675 32,8675 32,6004 32,6004 32,07 32,07 31,4667 30,6579 30,6579 29,3189 29,3189 -0 -0 27,4378 27,3926 27,3926 -0 -0 -0 -0 -0 -0 -0 -0 -0 -0 -0 -0 -0 -0 -0 -0 19,9053 19,9053 21,2292 21,2114 21,2114 22,3286 22,3286 18,0515 18,0515 18,3691 16,8334 16,8334 15,9292 15,9292 -0 -0 -0 -0 -0 -0 -0 -0 -0 -0 -0 -0 18,2088 18,2088 -0 -0 26,1747 20,522 20,522 15,2408 15,2408 16,0789
33,7873 33,7873 33,7004 33,5941 33,5941 33,443 33,443 33,2833 33,2833 33,0698 32,8419 32,8419 32,511 32,511 32,1508 32,1508 31,5751 30,2907 30,2907 29,133 29,133 -0 -0 27,3595 -0 -0 -0 -0 -0 -0 -0 -0 -0 -0 -0 -0 -0 -0 -0 -0 -0 -0 -0 -0 22,9929 23,0142 23,0142 22,4574 22,4574 21,0472 21,0472 21,557 18,1226 18,1226 -0 -0 16,6641 16,6641 -0 -0 -0 -0 -0 -0 -0 -0 17,6265 17,6265 17,8308 17,8308 -0 25,8744 25,8744 20,1911 20,1911 15,254 15,254 16,2562
33,7964 33,7964 33,7073 33,5724 33,5724 33,416 33,416 33,2505 33,2505 33,0352 32,7691 32,7691 32,4784 32,4784 32,1235 32,1235 31,4932 30,2077 30,2077 28,8951 28,8951 28,5354 28,5354 27,282 -0 -0 -0 -0 -0 -0 -0 -0 -0 -0 -0 -0 -0 -0 -0 -0 -0 -0 21,2016 21,2016 22,0027 -0 -0 -0 -0 19,7132 19,7132 21,4419 22,3968 22,3968 -0 -0 16,9138 16,6167 16,6167 16,1381 16,1381 -0 -0 17,1016 17,1889 17,1889 17,2774 17,2774 -0 -0 20,6674 25,5722 25,5722 19,6759 19,6759 16,4066 16,4066 16,522
33,8451 33,8451 33,7239 33,7239 33,6079 33,4502 33,4502 33,2247 33,2247 32,9977 32,7224 32,7224 32,4396 32,4396 32,0065 32,0065 31,4319 30,7537 30,7537 29,0605 29,0605 28,0466 28,0466 27,0918 -0 -0 -0 -0 -0 -0 -0 -0 -0 -0 -0 -0 -0 -0 -0 -0 -0 -0 -0 -0 -0 -0 -0 -0 -0 -0 -0 -0 22,6196 22,6196 22,7758 22,7758 18,8986 17,7165 17,7165 16,2035 16,2035 15,9946 15,9946 -0 -0 -0 17,0859 17,0859 -0 -0 24,8655 25,3138 25,3138 15,6738 15,6738 15,4172 15,4172 15,4413
33,8098 33,8098 33,6873 33,6873 33,5481 33,3839 33,3839 33,2014 33,2014 32,9621 32,9621 32,674 32,3338 32,3338 31,9315 31,9315 31,2292 -0 -0 28,8412 28,8412 27,8604 27,8604 26,9161 -0 -0 -0 -0 -0 -0 -0 -0 -0 -0 -0 -0 -0 -0 -0 -0 -0 -0 -0 -0 -0 -0 -0 -0 -0 -0 -0 -0 19,6877 19,6877 22,9235 22,9235 18,9482 18,4235 18,4235 17,8005 17,8005 16,0115 16,0115 15,8841 15,8057 15,8057 -0 -0 -0 -0 24,7641 25,0316 25,0316 -0 -0 -0 -0 -0
33,7906 33,7906 33,6527 33,6527 33,503 33,3496 33,3496 33,1707 33,1707 32,9353 32,9353 32,7271 32,4192 32,4192 32,0714 32,0714 31,2424 -0 -0 28,6486 28,6486 27,6804 27,6804 26,7564 -0 -0 -0 -0 -0 -0 -0 -0 -0 -0 -0 -0 -0 -0 -0 -0 -0 -0 -0 -0 18,1034 -0 -0 18,4226 18,4226 17,6435 17,1423 17,1423 -0 -0 23,0041 23,0041 22,846 -0 -0 -0 -0 15,999 15,999 15,7453 15,4935 15,4935 -0 -0 20,253 20,253 24,5461 21,7207 21,7207 -0 -0 -0 -0 -0
33,7361 33,7361 33,6149 33,6149 33,4623 33,3086 33,3086 33,0971 33,0971 32,8938 32,8938 32,6136 32,2935 32,2935 31,9187 31,9187 31,2331 31,2331 29,4124 28,4885 28,4885 27,461 27,461 26,595 -0 -0 -0 -0 -0 -0 -0 -0 -0 -0 -0 -0 -0 -0 -0 -0 -0 -0 -0 18,4031 18,4031 18,5149 18,5149 18,8544 18,8544 18,9546 19,0643 19,0643 17,8743 17,8743 22,2136 22,2136 22,7646 20,0532 20,0532 -0 -0 16,0357 16,0357 15,6362 -0 -0 -0 -0 20,4236 24,3525 24,3525 15,0988 15,0988 13,7235 13,7235 -0 -0 -0
